Run semi-empirical minimization
 &qmmm
    qm_theory='AM1', grms_tol=0.0005,
 scfconv=1.d-10, ndiis_attempts=700,   qmcharge=0,
 /
   6    C1       10.9500      -10.2620       28.3130 
   6    C2       10.3000       -9.2750       27.3570 
   6    C3        9.8270       -9.9510       26.0730 
   6    C4        9.1700       -8.9570       25.1080 
   6    C5        8.6900       -9.6290       23.8130 
   6    C6        8.0270       -8.6520       22.8270 
   6    C7        7.5490       -9.3370       21.5310 
   6    C8        6.8810       -8.3710       20.5310 
   6    C9        6.4020       -9.0510       19.2300 
   6   C10        5.7400       -8.0690       18.2390 
   6   C11        5.2550       -8.7150       16.9220 
   6   C12        4.6080       -7.7000       15.9540 
   6   C13        4.1170       -8.3070       14.6200 
   6   C14        3.4810       -7.2640       13.6730 
   6   C15        2.9640       -7.8500       12.3410 
   6   C16        2.3260       -6.7970       11.4080 
   6   C17        1.7240       -7.3980       10.1200 
   6   C18        1.0960       -6.3560        9.1690 
   6   C19        0.2930       -7.0050        8.0270 
   6   C20       -0.2180       -6.0220        6.9560 
   6   C21       -1.2790       -6.6870        6.0700 
   6   C22       -1.6330       -5.9870        4.7640 
   8    O1       -2.7910       -5.6890        4.5200 
   7    N1       -0.6310       -6.0380        3.8060 
   6   C23       -0.9060       -6.0300        2.3610 
   6   C24       -0.0910       -4.9390        1.6380 
   8    O2       -0.5660       -4.7920        0.2900 
   6   C25        0.3400       -4.0900       -0.5830 
   8    O3        0.3530       -2.6930       -0.2840 
   6   C26        1.2160       -1.9550       -1.1640 
   6   C27        1.2220       -0.4970       -0.7120 
   8    O4        1.7690       -0.3870        0.5960 
   6   C28        0.7160       -2.0500       -2.5990 
   8    O5        1.5980       -1.3390       -3.4670 
   6   C29        0.6460       -3.5020       -3.0300 
   8    O6        0.0120       -3.5860       -4.3080 
   6   C30       -0.1630       -4.2950       -2.0150 
   8    O7       -0.0920       -5.6780       -2.3580 
   6   C31       -0.6360       -7.4570        1.8390 
   8    O8        0.7590       -7.7160        1.9860 
   6   C32       -1.0600       -7.7540        0.4250 
   6   C33       -0.7850       -8.9120       -0.2240 
   6   C34       -1.1600       -9.1850       -1.6490 
   6   C35        0.0580       -9.1210       -2.5820 
   6   C36       -0.3300       -9.1590       -4.0680 
   6   C37        0.8750       -8.9830       -5.0170 
   6   C38        0.4880       -8.9590       -6.5140 
   6   C39        1.6690       -8.7470       -7.4910 
   6   C40        1.2300       -8.7760       -8.9730 
   6   C41        2.3750       -8.6240       -9.9960 
   6   C42        1.9080       -8.8140      -11.4530 
   6   C43        3.0580       -8.7700      -12.4720 
   6   C44        2.6100       -9.0970      -13.9030 
   6   C45        3.7860       -9.0780      -14.8770 
   6   C46        3.3670       -9.4290      -16.2960 
   1    H1       11.8260      -10.7340       27.8600 
   1    H2       10.2490      -11.0490       28.6060 
   1    H3       11.2790       -9.7520       29.2240 
   1    H4       11.0220       -8.4880       27.1210 
   1    H5        9.4560       -8.8010       27.8630 
   1    H6        9.1180      -10.7430       26.3290 
   1    H7       10.6810      -10.4300       25.5870 
   1    H8        9.8870       -8.1670       24.8700 
   1    H9        8.3250       -8.4790       25.6110 
   1   H10        7.9830      -10.4220       24.0680 
   1   H11        9.5440      -10.1100       23.3270 
   1   H12        8.7370       -7.8590       22.5780 
   1   H13        7.1760       -8.1710       23.3180 
   1   H14        6.8440      -10.1310       21.7900 
   1   H15        8.4040       -9.8190       21.0500 
   1   H16        7.5890       -7.5770       20.2790 
   1   H17        6.0290       -7.8890       21.0180 
   1   H18        5.6920       -9.8440       19.4820 
   1   H19        7.2540       -9.5340       18.7450 
   1   H20        6.4520       -7.2750       18.0020 
   1   H21        4.8900       -7.5910       18.7320 
   1   H22        4.5330       -9.5040       17.1520 
   1   H23        6.1010       -9.1980       16.4250 
   1   H24        5.3300       -6.9090       15.7370 
   1   H25        3.7620       -7.2220       16.4560 
   1   H26        3.3870       -9.0930       14.8300 
   1   H27        4.9590       -8.7860       14.1120 
   1   H28        4.2170       -6.4850       13.4570 
   1   H29        2.6510       -6.7760       14.1900 
   1   H30        2.2290       -8.6300       12.5560 
   1   H31        3.7920       -8.3350       11.8170 
   1   H32        3.0780       -6.0510       11.1400 
   1   H33        1.5380       -6.2690       11.9520 
   1   H34        0.9650       -8.1340       10.3930 
   1   H35        2.5050       -7.9400        9.5780 
   1   H36        1.8840       -5.7260        8.7470 
   1   H37        0.4330       -5.6980        9.7380 
   1   H38       -0.5600       -7.5360        8.4590 
   1   H39        0.9110       -7.7610        7.5340 
   1   H40        0.6150       -5.6630        6.3480 
   1   H41       -0.6620       -5.1460        7.4370 
   1   H42       -2.2090       -6.7700        6.6410 
   1   H43       -0.9730       -7.7040        5.8160 
   1   H44        0.3030       -6.2950        4.1060 
   1   H45       -1.9710       -5.8210        2.2060 
   1   H46        0.9770       -5.1680        1.6440 
   1   H47       -0.2320       -3.9820        2.1490 
   1   H48        1.3460       -4.5090       -0.4670 
   1   H49        2.2320       -2.3580       -1.0860 
   1   H50        0.2050       -0.0950       -0.6800 
   1   H51        1.8230        0.1310       -1.3760 
   1   H52        1.2150       -0.9440        1.1690 
   1   H53       -0.2750       -1.5940       -2.6900 
   1   H54        1.3060       -1.5310       -4.3750 
   1   H55        1.6500       -3.9220       -3.1460 
   1   H56       -0.1240       -4.5320       -4.4880 
   1   H57       -1.2160       -4.0000       -2.0870 
   1   H58       -0.5720       -6.1580       -1.6620 
   1   H59       -1.1640       -8.1540        2.4980 
   1   H60        1.0140       -8.2590        1.2210 
   1   H61       -1.6140       -7.0020       -0.1130 
   1   H62       -0.2620       -9.6850        0.3200 
   1   H63       -1.9260       -8.4790       -1.9810 
   1   H64       -1.6140      -10.1810       -1.6960 
   1   H65        0.7290       -9.9540       -2.3510 
   1   H66        0.6190       -8.2060       -2.3800 
   1   H67       -1.0600       -8.3680       -4.2550 
   1   H68       -0.8320      -10.1080       -4.2760 
   1   H69        1.5840       -9.7960       -4.8390 
   1   H70        1.3900       -8.0540       -4.7610 
   1   H71       -0.2470       -8.1670       -6.6750 
   1   H72       -0.0070       -9.9000       -6.7630 
   1   H73        2.4220       -9.5220       -7.3250 
   1   H74        2.1510       -7.7890       -7.2760 
   1   H75        0.5000       -7.9790       -9.1430 
   1   H76        0.7130       -9.7190       -9.1670 
   1   H77        3.1580       -9.3550       -9.7780 
   1   H78        2.8300       -7.6350       -9.8930 
   1   H79        1.1790       -8.0390      -11.7070 
   1   H80        1.3930       -9.7730      -11.5440 
   1   H81        3.8330       -9.4820      -12.1780 
   1   H82        3.5190       -7.7790      -12.4640 
   1   H83        1.8580       -8.3760      -14.2360 
   1   H84        2.1410      -10.0840      -13.9300 
   1   H85        4.5490       -9.7910      -14.5530 
   1   H86        4.2490       -8.0880      -14.8840 
   1   H87        2.6330       -8.7170      -16.6820 
   1   H88        2.9340      -10.4310      -16.3460 
   1   H89        4.2350       -9.4070      -16.9650 

